`m1` <-
c(0.185576718814894, 0.185524476216824, 0.185634720316347, 0.185799816055646, 
0.185568962510881, 0.186136109521630, 0.185568153396675, 0.185561323394898, 
0.185392373375200, 0.185518036513983, 0.185506813472442, 0.185634845512072, 
0.185553152502376, 0.185435856035718, 0.185450579283086, 0.185484849099389, 
0.185520432695142, 0.185521889107331, 0.185448345267859, 0.185447989291294, 
0.185396455532639, 0.185428485014908, 0.185493032475592, 0.185597391731627, 
0.185438677735092, 0.185610039265089, 0.185471944586346, 0.185563290348046, 
0.185506918743112, 0.186816133043557, 0.186610445869145, 0.185533480037125, 
0.185511307514432, 0.185599923924795, 0.186757704526784, 0.185994040182673, 
0.185637087960517, 0.185479741299283, 0.185431135490987, 0.185579159595631, 
0.185606214021933, 0.186026370571298, 0.185540610207804, 0.185528484264367, 
0.185491023371755, 0.185566303999543, 0.185545977023076, 0.185540559289447, 
0.185500134967981, 0.185555478124062, 0.185670946002552, 0.185430474209178, 
0.185463447093780, 0.185523083910499, 0.18548209438021, 0.185589007907529, 
0.18552529800506, 0.185524685920808, 0.185470793421352, 0.185524791062931, 
0.185533216114753, 0.185579264892752, 0.185481233364633, 0.185463288955064, 
0.185532218505946, 0.185577226625622, 0.186184128240364, 0.185817193584084, 
0.185723018602502, 0.185532543489263, 0.185423457850666, 0.185367291339196, 
0.185385335288523, 0.185412378604282, 0.185391691122524, 0.185379568973053, 
0.185390489260005, 0.185742705649095, 0.185519508653443, 0.185514004040236, 
0.185515169655615, 0.187873075362582, 0.185774403506883, 0.185424061189290, 
0.185633451351318, 0.185578506987710, 0.18537640002192, 0.185387283921874, 
0.185657629723478, 0.185810713477266, 0.185466318012411, 0.187487131313000, 
0.185876332223253, 0.186452577801616, 0.185699447908668, 0.186080252791657, 
0.186316396381570, 0.185838340043814, 0.185511782092282, 0.185769277365291, 
0.186152356686635, 0.187058586656672, 0.185863377537313, 0.185703762351836, 
0.186076303417864, 0.187900333529426, 0.186597586865954, 0.187044181416230, 
0.186567961944653, 0.185592002097191, 0.185521014777133, 0.185768589192732, 
0.185556536661252, 0.186109371235512, 0.185428764391710, 0.185508573762008, 
0.186057705829300, 0.187683419132984, 0.185557828846553, 0.186350628025390, 
0.185913321486243, 0.185545509312955, 0.185403110831028, 0.185422954182039, 
0.185690754062071, 0.185782072662740, 0.186031010078734, 0.185503966591099, 
0.185540740047508, 0.185483996706489, 0.185687940809535, 0.185560349248112, 
0.185663939082310, 0.186189700132473, 0.185943407690736, 0.185587755717631, 
0.185866621557748, 0.185446434519946, 0.185393468988057, 0.185412990854811, 
0.185693474926712, 0.185874724582286, 0.186762877526200, 0.186009130020062, 
0.185706933834510, 0.186277166690612, 0.186696501721372, 0.190225635724832, 
0.185913275291436, 0.186381743111443, 0.185587665942732, 0.185601061458917, 
0.185788677840963, 0.185847111415877, 0.188606318523308)
`m2` <-
c(0.448596446791543, 0.448895080084802, 0.448494683709537, 0.447711135971685, 
0.448327326029847, 0.448357537722024, 0.448283630445825, 0.447626374338059, 
0.448329775960458, 0.448347455243458, 0.448336538779268, 0.448325734285134, 
0.448902919057426, 0.448282758679545, 0.44831676418056, 0.448816028254849, 
0.448143106216233, 0.448448937068489, 0.44840322168906, 0.448674445791427, 
0.448443868677802, 0.448286549832968, 0.448132714064414, 0.448321365698521, 
0.448331641065806, 0.448328316966423, 0.448331723348213, 0.448338540090286, 
0.448335296850314, 0.448249250457217, 0.448302740174354, 0.448322554965747, 
0.448328541791954, 0.448325492106936, 0.448293987369644, 0.448362222441915, 
0.448564612764827, 0.448397618613586, 0.448200987972551, 0.448912826933635, 
0.447766339531315, 0.448288047751314, 0.448110986862563, 0.448335521685248, 
0.448579106450356, 0.448720436199741, 0.448409152372755, 0.448301281630575, 
0.448360985678123, 0.448465797239771, 0.448328100087113, 0.448449611237412, 
0.448162933827362, 0.447808403300664, 0.448118301186313, 0.448258702157224, 
0.448359186977589, 0.448164925121546, 0.448459035340487, 0.449350944640822, 
0.448744167358064, 0.448511024797899, 0.448566882099570, 0.448524115089457, 
0.448836089707953, 0.447997339617756, 0.450217376296719, 0.448210392475162, 
0.448350036315957, 0.447899761374528, 0.44842008125028, 0.448410912592969, 
0.448390840958136, 0.448393990484988, 0.448285631073751, 0.448388596096781, 
0.448295962910765, 0.447763795698046, 0.449214642088432, 0.449095314081889, 
0.448975124275585, 0.454872424314665, 0.447474386835561, 0.448328695775804, 
0.447609311672848, 0.44842823208142, 0.448088836578631, 0.447672987835308, 
0.448107966908137, 0.447757838610096, 0.448306990840388, 0.448485447340505, 
0.448191272410228, 0.448160444644133, 0.44814648933192, 0.448326356729437, 
0.448351134933675, 0.447692352528031, 0.448401678898058, 0.448442942662198, 
0.448369641142159, 0.445670241013295, 0.447397415592924, 0.448323110002411, 
0.448412041259205, 0.448194164512714, 0.448258966837839, 0.448086007991348, 
0.447840215029359, 0.448338807612198, 0.44832514277591, 0.448275911779188, 
0.448338829885875, 0.448324096616795, 0.447961082273872, 0.448165660473137, 
0.448301735159881, 0.446177928818674, 0.44830996860033, 0.448334857063093, 
0.448118828006663, 0.447530520854918, 0.448240167978736, 0.448224943906027, 
0.447130278481528, 0.448315301921285, 0.448296309388670, 0.448310800379755, 
0.448076189807884, 0.448104845443039, 0.448332430244308, 0.448284844165479, 
0.448277800445421, 0.44831392892524, 0.448342160280041, 0.448309144314738, 
0.448375879867083, 0.448342838361018, 0.448298660698568, 0.448372100367822, 
0.448423169739057, 0.448298314795713, 0.447490915368204, 0.448319230639386, 
0.448235944486502, 0.448394056086341, 0.448413421878971, 0.451303550699916, 
0.447804952270398, 0.447272855348072, 0.448501083223201, 0.448156532093413, 
0.448121896894744, 0.448333874847156, 0.445797651112383)
